ID	Symbols	Sites	Effect	IGF1-DMSO-12hr	IGF1-DMSO-15min	IGF1-DMSO-24hr	IGF1-DMSO-2hr	IGF1-DMSO-30min	IGF1-DMSO-48hr	IGF1-DMSO-4hr	IGF1-DMSO-5min	IGF1-DMSO-60min	Serum-DMSO-12hr	Serum-DMSO-15min	Serum-DMSO-24hr	Serum-DMSO-2hr	Serum-DMSO-30min	Serum-DMSO-48hr	Serum-DMSO-4hr	Serum-DMSO-5min	Serum-DMSO-60min
14-3-3-epsilon	YWHAE			0.171057101268609	0.194790031987549	0.163906434848441	0.177261739774802	0.182589254934163	0.164627026402991	0.172925152446097	0.17830473892332	0.19018231196011	0.167458587613189	0.167955461461073	0.16802073873363	0.144491035047731	0.165110790436258	0.16482610065569	0.167705073543288	0.164249322508623	0.161502913818164
4E-BP1	EIF4EBP1			0.229622725095502	0.247363738086096	0.23734844217118	0.240847338785389	0.243942563124312	0.22837196671574	0.240868094681776	0.22958745926028	0.253134940598228	0.249941432001143	0.269436743717851	0.243464755094726	0.236888306786052	0.257134696290079	0.238352317077588	0.265482019911796	0.275295402879923	0.239982157103301
4E-BP1_pS65	EIF4EBP1	S65	i	0.790393066545134	0.889812284509656	0.871680220082965	0.835916415374186	0.883827463799515	0.833688915554556	0.834974771844347	0.73128928217019	0.895078200141008	0.891619381405238	0.914115774489922	0.921603808237505	0.834979472645437	0.773484030783297	0.917674105722464	0.865559990664383	0.777643423330865	0.944846650847976
53BP1	TP53BP1			1.02575469920031	1.10017927128579	1.06501666605189	1.17661728330506	1.14166191896764	1.08033502492709	1.10735580942519	1.04570998716554	1.16881269061177	1.16061548395698	1.11165523589243	1.03179716412462	1.06147251788014	1.10976267281989	1.10513941814884	1.06670105087524	1.13820773976398	1.3051044917593
ACC1	ACACA			3.39144010833625	2.30578519695876	4.25428441407793	3.66559103474523	2.77295015358059	5.71059333668212	3.27703461583278	2.97479885517096	2.80980109613395	2.03347898221022	3.35569834062491	3.04257624708382	1.8114600872211	3.52506453895751	3.0363275785226	3.35271645990383	3.53878654986005	1.54517849829969
ACC_pS79	ACACA ACACB	S79|S80 S222	a	0.175952764269258	0.235185233846559	0.300544846210963	0.155178021494326	0.133577689824082	0.240790328888039	0.159487211201492	0.181767802000722	0.138686795761313	0.214665056202401	0.226250781412927	0.198952554264039	0.218742087768139	0.196291659888067	0.200478024172702	0.199472562230276	0.207043307385968	0.11349726055566
AIB1	NCOA3			1.38096422848913	1.39342026504542	1.52253286575954	1.40832193797529	1.29443029276774	1.22973146974052	1.31411676161191	1.25604466901479	1.20010656350731	1.41595961291836	1.17220208779686	1.32861231164428	1.27576696933446	1.13518794846847	1.57876674991598	1.32357651114574	1.2266215690984	1.49208063749321
AMPKa	PRKAA1			0.78138080986095	0.859990419605589	0.818464202711988	0.803821706770544	0.889060083296797	0.800402503549034	0.883106737623134	0.82049445105865	0.858107956160952	0.844423530624132	0.894786043432843	0.930192855002337	0.866007592477138	0.80982629128101	0.831767742253877	0.868023675569814	0.864463349674552	0.814798654025412
AMPKa_pT172	PRKAA1	T172|S172	a	1.29442549146619	1.91690475425666	1.60423279396508	1.19849451735486	1.26106902028887	1.79975826164165	1.36596951567164	1.60925488700486	1.43305180553139	1.61275535854421	1.75530249666769	1.61102855363571	1.49164569933466	1.65244797298368	2.21750107875342	1.88499394492094	1.68210553968719	1.30625018110423
AR	AR			0.594402335484701	0.592508282067919	0.662342074532708	0.677145624102988	0.603010885464498	0.596671546552005	0.61838975510755	0.593480426754798	0.555873311601092	0.48809084348976	0.664073650178524	0.52275767645312	0.542335548334636	0.665671348745306	0.62818096535606	0.614880912317764	0.684309172187668	0.604066330644329
Akt	AKT1 AKT2 AKT3			3.85843939556009	4.11674671900519	4.50007648683473	4.40356136134045	4.27741178240561	4.91131651287007	4.29946885583274	4.4490179988103	4.36405456042113	4.35481385111299	4.86571998946717	4.73905605723314	4.74022161471883	5.58076804484839	4.50411888466243	4.2773799617124	4.62692980465033	4.70501364923443
Akt_pS473	AKT1 AKT2 AKT3	S473 S474 S472	a	0.577980407358644	0.610808800311845	0.234113618268254	0.921200307764676	1.25783711487891	0.457408861841973	1.0853878133199	0.679943961185911	0.977050035457456	0.217631489855685	0.198216909584991	0.221306295531936	0.192638446972782	0.290759946738757	0.115525785846107	0.330236035896886	0.122820428180083	0.310307376859608
Akt_pT308	AKT1 AKT2 AKT3	T308 T309 T305	a	0.544508040768521	0.750435101924234	0.457036814209819	0.856912309914883	1.07584544298648	0.518488621177554	0.916425915018313	0.718616894402426	0.843898374548467	0.381095378602098	0.303080208588438	0.416675346179098	0.372430732061258	0.435499205347653	0.289445021710131	0.347206610122816	0.275002752716859	0.358096038108248
Annexin-I	ANXA1			0.050501260453036	0.052070430158085	0.101008345404051	0.047557078204752	0.047877075383109	0.208423168794884	0.053454990962096	0.053193153008734	0.046905959553855	0.05032463875627	0.050364600056642	0.066022338073689	0.046585692114894	0.051357119922887	0.051990934545593	0.052125396691072	0.0482464687828	0.055973311493338
Bad_pS112	BAD	S112|S118	a	0.798611866734121	0.803079232940707	0.745053986958478	0.8919487429692	0.84768840216785	0.705613230796577	0.91808676588113	0.657214777148485	0.928878923854825	0.905345579960884	0.769241367670421	0.801967211557355	0.95435042179761	0.754639859051309	0.714418614116227	0.94539709793003	0.703628549933125	1.02680841202939
Bak	BAK1			0.197740560049995	0.219250933028427	0.217714250108322	0.241556338193471	0.208173980367136	0.201175895525853	0.229755538920711	0.215949014084741	0.210439740123141	0.20673813411494	0.215739283838975	0.222013098800767	0.19627396363696	0.218884328048898	0.233017438222166	0.23383851446313	0.237430921184811	0.228757083932776
Bax	BAX			1.03700355543761	1.09786392041406	0.9461000337404	1.04115963466147	1.10382976657135	1.15077812936916	0.996355593239123	1.09604853895406	1.0969399960145	1.0630093550103	1.1626788580718	1.03065466964559	1.12809195463716	1.02303775856775	1.01191658966347	0.975629831151192	1.06969060567978	1.16828954656769
Bcl-xL	BCL2L1			0.310814617425468	0.386653242627593	0.262135090850308	0.310174608016615	0.404275625251033	0.294784424073587	0.330427627679342	0.343668215298723	0.380269563564401	0.287576545830515	0.35009843262697	0.302701052250409	0.363609227351787	0.28950147412438	0.295091301424027	0.261807419848398	0.267607704425997	0.304972153816546
Bcl2	BCL2			0.726882918175988	0.829167786416597	0.79135119883372	0.773027158161326	0.777584495390623	0.79700961336105	0.744216587436851	0.768583730182858	0.742139208211088	0.673139327536165	0.701641144240356	0.663836034974086	0.693704391898184	0.656984385419772	0.597542297598544	0.676479089983859	0.635811250494107	0.767582490947354
Beclin	BECN1			0.321760355654653	0.333186767003507	0.326781390337971	0.31386086156311	0.301591948230334	0.302722555317254	0.321685746700791	0.315682279327941	0.305907642993738	0.293958859688808	0.315899528748527	0.331881077977989	0.281097743857815	0.301938219047311	0.300842671285015	0.32495341194906	0.331768334815627	0.314613875364792
Bid	BID			1.07969938365662	1.05980971416239	1.05810912540828	1.1654922774754	1.08837506144806	1.34634092835014	1.05445765788785	1.12735048460301	1.27568095882214	1.06237872015113	0.96191505307259	1.10796521673827	1.13293467402947	1.26098974540928	1.10140189541825	1.12210232053836	1.04276087618839	1.22915536381145
Bim	BCL2L11			0.688732377646964	0.657528807181364	0.707670282428297	0.732364038171392	0.647265823509547	0.698548154202587	0.647321471384786	0.649008161595636	0.622995284996679	0.666544867379987	0.708671364063821	0.623758508641516	0.678444916323822	0.715538201024587	0.566431623842956	0.626768130340884	0.751365138368897	0.892196530631771
C-Raf	RAF1			0.8852878683169	0.749014090034311	0.873699881451171	0.860052164071105	0.809167702524293	0.918630508066681	0.925789439110538	0.840567392352078	0.803035896214952	0.7359950162808	0.869304818203456	0.80803137550116	0.774905087750303	0.97084303597336	0.940693618411894	0.891164753117419	0.874611325809069	0.712778867843949
C-Raf_pS338	RAF1	S338	a	0.492472091288438	0.46796906312312	0.617271366247207	0.650636411990023	0.587060439599489	0.397586268397844	0.73369291225716	0.394520636922042	0.667351678367182	0.51195750033709	0.557926154569996	0.44550184615583	0.478011768859756	0.511550992952649	0.430907144056663	0.505383317430041	0.429567090590889	0.411894523119807
CD31	PECAM1			0.076688692799143	0.068162572460075	0.074479050699347	0.076156111970001	0.060229656439864	0.071825392853466	0.075216112796139	0.073776529581135	0.064562878036896	0.063590746156978	0.067797115881335	0.065561759599052	0.051299297884856	0.091811865042751	0.076329688732914	0.07078929463019	0.070271806100129	0.067931185613683
CDK1	CDK1			0.91633261015284	0.907761337758377	1.03465006131816	0.917118255267823	0.816167413686875	0.866545825157184	0.908016595422205	0.871799289507507	0.893824960690732	0.868136367003668	0.684442529468075	0.801195405675916	0.746939810604903	0.711475244366773	0.754277772959344	0.777943164725684	0.718054077282256	0.68184706315252
Caspase-3-cleaved	CASP3			0.17920963364659	0.153819492956238	0.172003656054528	0.167767248568775	0.163160097310277	0.164777581734831	0.174948444609812	0.16745515323129	0.182454784557187	0.143742839774429	0.1716992068453	0.162325704561102	0.160193661691542	0.164564436405456	0.160238967051239	0.168544920866556	0.176187613938287	0.149449002743205
Caspase-7-cleaved	CASP7			0.032503596818843	0.030344023351832	0.03131835134647	0.032139969858141	0.0318901868933	0.030202997010054	0.03296238660764	0.032605848555027	0.033450258095514	0.028212636413339	0.029119751656858	0.032368767967151	0.028186757502882	0.027550113249167	0.037815276746198	0.027868693544429	0.030250205636587	0.032558384501204
Caspase-9-cleaved	CASP9			0.287600148245696	0.309270498430166	0.254135085202439	0.27538635239524	0.362578553852188	0.277821343466631	0.265086278403097	0.316247929617331	0.318522547789655	0.309543006367182	0.315735903659244	0.290860743583502	0.340908584180386	0.303836886366777	0.284534401261861	0.280741510551585	0.300140544320769	0.399983448847943
Caveolin-1	CAV1			0.080433413593766	0.099140369788661	0.264246980942513	0.060114238902318	0.087832836636012	0.391321317123183	0.071486421905448	0.090139156068322	0.096340901406461	0.103123498191167	0.072794355556348	0.096583286923703	0.074314194035826	0.087978537576109	0.074706902707458	0.075092786631875	0.065163435999202	0.10346628106311
Chk1	CHEK1			0.362860147347715	0.384106062347935	0.340503028455673	0.347485499597259	0.37424023654427	0.370252001083912	0.333463690378765	0.389119325987888	0.373192434745666	0.355343191801307	0.365951333566834	0.382617926377931	0.400438399590814	0.35397647211513	0.347264650963469	0.351747389152185	0.341207063226465	0.346665783254636
Chk1_pS345	CHEK1	S345	a	0.274343994584593	0.223563758275841	0.242501916787219	0.207641308323375	0.224555001367046	0.225785358982595	0.23886468752618	0.2328010210677	0.214387540059626	0.251880218373893	0.2265509535122	0.249190147530735	0.238259119216572	0.237779424660997	0.241801928725625	0.226234191836345	0.224659009865862	0.230444928832991
Chk2	CHEK2			0.407324605701439	0.382221298321576	0.378705338524773	0.386263986397244	0.376109801468318	0.430998639357974	0.407003741871874	0.394621164918218	0.382905449191668	0.349955103935408	0.401543782141243	0.387245262195531	0.331900754586005	0.413365744888528	0.387489177365052	0.371322528634524	0.388664611681673	0.386292914937301
Chk2_pT68	CHEK2	T68	a	0.216765073464136	0.189109042604284	0.203132244718765	0.211818578381456	0.194370087443416	0.201260588792824	0.212703324768979	0.228764264831152	0.19969945029958	0.2027364478755	0.189409089283399	0.210911861638234	0.20017645123085	0.211390117518905	0.207297776964038	0.207426407561865	0.223957640500257	0.215468966332228
Claudin-7	CLDN7			2.54128681913411	2.20228907970207	2.62910627933804	3.40707192136781	2.39844509487943	3.38972736387461	2.69779865282024	2.41495651281147	2.15915280052076	2.14478890198439	2.83024518782483	2.9544870254877	2.33649336854865	2.25871216236491	3.22308749846704	2.42593413820689	2.82201540978767	2.14861811843916
Collagen-VI	COL6A1			4.15225219019722	3.49828821286987	2.77750887374898	3.74927917272138	3.30706169905217	2.58816559622203	3.15369182455623	3.56927676852486	2.8653185163624	3.43439747771727	2.00423710898449	2.67259074207708	3.44137729044974	3.25268458140428	4.05732858113741	2.92132504454548	3.88636152341793	5.19556156214341
Cox2	CMC2			0.952121614945926	1.09377978526011	0.916071916971163	0.851302777309807	1.29171037680412	1.18155441464857	1.05669606790508	1.07818146088985	1.25066501744112	1.05563835903749	1.26746778328289	1.08456076411346	1.27593954661281	1.25898289871201	1.22332247199844	0.926277931617407	1.02692451208875	1.04730641109048
Cyclin-B1	CCNB1			2.66849452169521	2.16211040074748	4.00415294379906	2.36766645107812	2.15598694728487	2.33746156180523	2.35426525570538	2.16734621203751	2.29825696802681	2.5025530070076	1.71789948113055	3.36413729792575	1.37469594657087	1.53195354378972	2.80524626239407	1.49237843381175	1.67007980401347	1.49272451618717
Cyclin-D1	CCND1			0.56921719490164	0.636450243852964	0.520213866620252	0.528130967621462	0.695934650921556	0.545891427556846	0.595071313720977	0.597644644661149	0.657399101934099	0.675097591644986	0.633958636099028	0.636524348824674	0.713180676744621	0.635785690480321	0.576436187663001	0.568810789530155	0.570589491737617	0.743407042907034
Cyclin-E1	CCNE1			0.696019939787661	0.585853810375699	0.55486282690488	0.619570808479145	0.561950646825818	0.525181155240998	0.653121434987337	0.617168290232869	0.532127118096304	0.787794518269304	0.618935078533309	0.70772353650172	0.619359260597954	0.632918734923287	0.693847504809816	0.699818149166306	0.672874816948577	0.644389055509781
DJ1	PARK7			0.594940249157999	0.723937156884314	0.533668365921307	0.662110222247585	0.694405867283758	0.529644692121579	0.598721335297398	0.605623467949628	0.659702919512615	0.724032986568131	0.633222578966109	0.639043403796183	0.819307885610144	0.564763289553097	0.635363401762286	0.723964366212936	0.631447483262538	0.769439136411483
DVL3	DVL3			0.435101318711228	0.357410128798823	0.423958259917243	0.365755144881028	0.367577199097608	0.402845178845435	0.415819258121042	0.380307070967325	0.392539050906545	0.420989654689473	0.363707546649674	0.432500271464274	0.327453394909566	0.38743051060965	0.419516867507321	0.379336232262289	0.385800567559576	0.337075063983938
E-Cadherin	CDH1			1.12902263150546	1.25974115888776	1.16021600379417	1.44039989975372	1.19552793664291	1.08801206284881	1.27496943657669	1.10488110948234	1.34188096354859	1.21346380054113	1.28831096518314	1.15729533229033	1.14456127797648	1.1474300636665	1.18276512946873	1.2147132588042	1.22821117084874	1.34329767830342
EGFR	EGFR			0.05994014522696	0.053913134349028	0.057967164604178	0.060807600157243	0.054372347817396	0.061738895504865	0.054863582055834	0.060543861010472	0.055348900198763	0.050302110061087	0.051860696240385	0.056130648839639	0.044368002823987	0.054514349991493	0.058720998213317	0.050918782290504	0.052622350331284	0.051811353589623
EGFR_pY1068	EGFR	Y1068|Y1069	a	0.078404748773876	0.092244216797201	0.10857140939753	0.089521832972676	0.080686243924086	0.126714377352048	0.083714807353595	0.084386243639342	0.083387936173759	0.084409008455189	0.089311157042312	0.091868189960481	0.070625819188111	0.084523336526763	0.089721696331769	0.084214301179521	0.09120677154536	0.082079847016017
EGFR_pY1173	EGFR	Y1173|Y1172	a	0.427757831570741	0.419018478405005	0.385535744920949	0.405620447520968	0.410913191145398	0.412591242595129	0.391807517991774	0.40962363036953	0.394189297713163	0.348514391377513	0.400367265600142	0.405169493821862	0.408613699679417	0.408625634270265	0.397869173343405	0.395206927565917	0.411945128492595	0.409384943982094
EGFR_pY992	EGFR	Y992	a	0.11442819815687	0.116439390764832	0.126224647259348	0.12139791159155	0.108108785253004	0.099218116396649	0.127583827438157	0.106715804153109	0.114118998141497	0.114690372701762	0.113912617522783	0.10601545413002	0.097638657882496	0.112562130425718	0.106985833429039	0.113553380592014	0.12981686817508	0.090634139814966
ER	ESR1			1.48988011022536	1.36671979823513	1.45690130170784	1.58984127708891	1.58614974782904	1.19364735890886	1.47719697301764	1.56260086946318	1.51774408605074	1.05965006081705	1.46308002740182	1.17657990894529	1.18717702018302	1.42566433647135	1.56983519480238	1.42665733186598	1.47200876908914	1.21902053596772
ER-a_pS118	ESR1	S118	a	0.887983483340049	0.775289265133844	0.853795021202193	0.784221026648135	0.870152404510875	0.76400107053726	0.811175688415006	0.9337456707359	0.783705486835284	0.623560477580074	0.73906479940337	0.662924651220293	0.551016553462515	0.713703981283917	0.662119604936586	0.684319425941284	1.02895198569776	0.569721398044846
ERCC1	ERCC1			0.620716770631259	0.619578712621556	0.613841447363279	0.568595559470082	0.65550623619909	0.601399969523718	0.620089350332257	0.648777861583631	0.696476416618071	0.67194634314729	0.630442023891824	0.668519831999297	0.677003319383699	0.622463945441615	0.584801994319346	0.597943429228762	0.579535468333206	0.65001099699426
FAK	PTK2			0.385752476663974	0.396885368476031	0.377061879392346	0.368543821945416	0.438273760363058	0.395775678021792	0.420479497967134	0.415799926142941	0.446262350090854	0.354372712218755	0.369208388291884	0.408387129928015	0.382251570352918	0.381954711709394	0.371970615692779	0.328874055726539	0.353235201126033	0.322129971818838
Fibronectin	FN1			0.038057609800202	0.033382793576892	0.035674688524738	0.036618301986298	0.037286940289367	0.035666319985708	0.037986232460867	0.038618137475023	0.037479608014498	0.048057574655668	0.076054070663759	0.041601741227379	0.039954473800873	0.041343869611376	0.060062726447962	0.042516190896757	0.043725713771365	0.052213681850533
FoxO3a	FOXO3			0.243432614788359	0.278367442852125	0.232119207072767	0.25063366296819	0.2494334077272	0.251095669377344	0.246863527664453	0.252331045150814	0.255173928718623	0.272983540604108	0.28463647613024	0.252694676118516	0.307103856320123	0.266137396933271	0.25953015448244	0.254641089908271	0.254008556765938	0.287420406713972
FoxO3a_pS318_S321	FOXO3	S318|S321	a	0.45512434154045	0.453904869340613	0.432444410318815	0.444994338748928	0.474482234702857	0.427280151181862	0.442865575250715	0.418681952391367	0.477611139853533	0.467947418036621	0.460302854710161	0.456562731449695	0.521484077822769	0.476229983044789	0.427095445774855	0.451800679990519	0.454215874734912	0.522739033193087
GATA3	GATA3			6.07126188959107	6.13551476605031	6.6441602907854	7.18647662300272	5.92555027493795	5.91787044400086	6.57197992494612	5.29841135084361	5.52301612566527	6.72565329493086	6.0955225337743	6.96313811309451	6.58280725210754	5.21045017467288	6.61698314811687	7.21149708255269	6.61247148492418	7.75387672838099
GSK-3a-b	GSK3A GSK3B			2.32900156427875	2.0767730576433	2.75274900975022	2.48072279327388	1.9381088280877	2.73953840746452	2.52174532566295	2.06926522744162	2.29783976735757	2.01690373681678	2.2747734561857	2.48591589206619	1.80563494714642	2.09213057055265	2.32761095344246	2.44455143544571	2.40492827572106	1.89217839305378
GSK-3a-b_pS21_S9	GSK3A GSK3B	S21 S9	i	1.9268276148222	1.98646219352651	1.84545795210702	2.11341495727578	2.04253441076741	1.91528239736754	2.19125062940193	1.66773780745511	1.96820001242087	1.65970720204508	1.72527419709237	1.59304024305402	1.76621111143171	1.77575274991028	1.98960545524355	1.85185921795113	1.56233438678918	1.73327430526584
GSK-3b_pS9	GSK3B	S9	i	2.13872875606985	1.99690929783726	2.06029791284293	2.29130857809706	2.35770219010256	2.10887347766241	2.17508870933098	1.859416351932	2.25422972953286	1.75493774787362	1.85903423319971	1.71497191011676	1.78676086555677	1.95890864001218	1.940678092041	1.91597451732781	1.65754587649473	1.85355112476867
HER2	ERBB2			0.444070168325899	0.777832535734314	0.489494158684491	0.497250598709465	0.762916123306685	0.919311372486777	0.544572242840991	0.554190508741238	0.757504315988615	0.660086089899141	0.671221529404785	0.717401166571861	0.932192357704596	0.587535197696142	0.525606617365553	0.490645764145175	0.495234675018268	0.787097485582111
HER2_pY1248	ERBB2	Y1248	a	1.17561916855361	1.42594371947632	1.2525192494977	1.19444825537231	1.53416791291136	1.30262120654852	1.31293127464956	1.2533887038689	1.43453388837966	1.43446428771618	1.58713007096803	1.32630056838173	1.52405288920285	1.8088290653329	1.26866233617431	1.28720743222818	1.37114956214847	1.5700198040428
HER3	ERBB3			1.2723509917658	2.12749048590831	1.45883078118353	2.29839705311341	2.34393230474006	1.45036152785243	1.77300208078493	2.48630847694609	2.31801368818919	1.63217650873782	2.53531377360288	1.76519306247551	2.05800771780458	2.47390734199583	2.14444419832324	2.13940422072451	2.18436780412121	2.35034959263389
IGF1R-b	IGF1R			2.26624903168246	2.46015009230843	2.2744902382554	2.47818958384592	2.52731639686307	2.57794325693864	2.30421911011403	2.4178438149165	2.47606186259298	2.75322231716048	2.82930467231184	2.74127745926349	2.94285016725499	2.59294518967379	2.47573181511936	2.46204436565966	2.65517976687982	3.17011902837727
IGFBP2	IGFBP2			0.534274235571492	0.517368771095165	0.555141653104233	0.492013898658426	0.459003864652917	0.510012440248816	0.471478082518858	0.454909610612327	0.490561350758527	0.494800114871001	0.460974741707792	0.500593128007021	0.446528969868521	0.438410131957444	0.477383435944714	0.478939311087403	0.457122112257482	0.486212720450331
INPP4b	INPP4B			1.24718773064594	1.3066331128157	1.31407148769631	1.3764592686773	1.39232891419778	1.07586079829166	1.39757559275436	1.44666252139187	1.41315826894285	1.43288778239598	1.57446519859529	1.50745604220227	1.45405645531593	1.50644019159637	1.63122925601001	1.460997872402	1.61513350677992	1.46937692937028
IRS1	IRS1			1.0035007733648	1.40872940034753	1.02206177088435	1.27961940368309	1.3213858022962	0.815413142506874	1.17982832978247	1.22226128788112	1.22520601150031	1.22758319932185	1.21949930845456	1.27163105125284	1.26124995559778	1.13031223485916	1.13328276180457	1.20020862302103	1.30567664573002	1.41992252880963
JNK2	MAPK9			1.296943533347	1.19300631374414	1.31091484087755	1.19108530595368	1.25471722887185	1.59317767197907	1.31942205734083	1.24979010507149	1.23387632111116	1.32423872706149	1.47482739917859	1.37412488632557	1.25055550467721	1.46164278034282	1.45489376766135	1.23912724577	1.32013347048517	1.23945361314098
JNK_pT183_Y185	MAPK8 MAPK9	T183|Y185 T183|Y185	a	0.181505475949579	0.22108558439355	0.171725444727391	0.182926124446032	0.220134171963988	0.157920781000465	0.183117555267348	0.221314363279167	0.190467175612101	0.224041384725516	0.242379649080165	0.193771080564973	0.236977320714312	0.271289127068347	0.207750044388385	0.209946322280164	0.222755563360759	0.227836418359906
MAPK_pT202_Y204	MAPK1 MAPK3	T185|Y187 T202|Y204	a	0.193267202080669	0.31624040285674	0.237307236606584	0.24604739482091	0.266218465952081	0.146944769768739	0.235959121545118	0.296340539479051	0.208771465368678	0.266540812892161	0.259913615671769	0.175911243082423	0.354847667313688	0.269260311980034	0.147832530423682	0.198354242938301	0.323157073507971	0.26557961584639
MEK1	MAP2K1			0.658612687125574	0.609521781952842	0.595922228616176	0.61183536325397	0.614326652858518	0.709779766172915	0.568985953879358	0.613277629125099	0.590272120900073	0.699802739487748	0.643965359338859	0.657117809525912	0.684130152667384	0.634402833339216	0.641170043153709	0.61750633915119	0.651137355057996	0.67613086369649
MEK1_pS217_S221	MAP2K1	S217|S218|S221|S222	a	0.183801519613219	0.220823023126098	0.193479934127776	0.208360443371182	0.180055540152116	0.146604970125937	0.18754760636414	0.188864595243394	0.154959921646022	0.261202262114368	0.174282162066767	0.146961628799754	0.313057148636709	0.166774565582456	0.153085756637005	0.172286857134937	0.171002616725769	0.156060053435923
MIG-6	ERRFI1			0.452765547420271	0.436980859040363	0.432330032162394	0.418726908982108	0.457683054138105	0.440698343496686	0.424149656121396	0.437125556297393	0.432808034937915	0.538247379018961	0.439077882783445	0.481780581950834	0.491251282036046	0.455027982191812	0.446493319362891	0.507145346519567	0.431319917307659	0.448037221608378
MSH2	MSH2			0.347274198963004	0.347605506189057	0.400553461238561	0.376138402443107	0.349893597476048	0.336115558616219	0.381345625733826	0.347494212962055	0.352587562249175	0.268569481817542	0.336131378654786	0.307540737651968	0.277766927944412	0.304236085670024	0.309630827895516	0.346643080154728	0.313930967976297	0.234990686208812
MSH6	MSH6			1.38995189222419	1.12809347759713	1.38193972274727	1.34817612640445	1.33857735180112	1.35056387135436	1.5527398448513	1.24226919852649	1.28803344036566	1.21641123737405	1.29457292551986	1.29800343062578	1.15886104771083	1.24945759798016	1.31515534581856	1.26649356623065	1.21395359178672	0.982110811628987
Merlin	NF2			3.74464797924622	4.60779048471338	3.93539277114366	3.83598114537487	4.97956436679857	4.78371858256336	3.87247576260706	4.0801559152594	4.84208375631883	5.90242125076598	5.35423752388648	5.97411045741605	5.58019278603946	4.61180881477156	4.84444946086957	3.84061855425378	4.16048712105063	5.65971597496833
Mre11	MRE11			0.461616602675264	0.430720088983827	0.461756132246622	0.428649796986397	0.424148813352252	0.429048652090092	0.455965301605942	0.445130027748191	0.423640947841006	0.397043076964849	0.422505448161073	0.438326419927028	0.418994802957695	0.453664088542556	0.449162130828961	0.447736604547797	0.423187258186682	0.436634646771621
N-Cadherin	CDH2			0.183713664027468	0.229644231272798	0.19403578138237	0.200228745779618	0.251131806395514	0.202933707451677	0.200996087004406	0.212001983230327	0.228455984266953	0.225821613728417	0.246421667365777	0.25263932877238	0.267196982151867	0.211151050884249	0.190101578480911	0.198441987132358	0.201213069700819	0.247047120465412
NF-kB-p65_pS536	RELA	S536	a	0.547368410326074	0.45052025509271	0.584533699256106	0.55766074930355	0.48272800664219	0.568713558625017	0.594736220567736	0.511476198177374	0.453334490923255	0.886171583492997	0.537879893271546	0.713115869770166	0.954823208222443	0.70281665857043	0.704059655293272	1.14291262073832	0.633513723790778	0.778546600285591
Notch1	NOTCH1			0.364818012913832	0.332542155782351	0.336563997721954	0.331085315791009	0.321398830791768	0.328133738805523	0.346185707721667	0.342310138355012	0.295142322078523	0.368811124657297	0.30607786974763	0.354654597610195	0.327111140720368	0.323738257374304	0.333448055084167	0.331179780577379	0.328409699358648	0.342092457352537
Notch3	NOTCH3			0.848511982553552	0.778349744549096	0.95046152726466	0.7971479362136	0.747121934245642	0.92050466679593	0.78831966640997	0.802122309467776	0.822544887246446	0.849513892837177	0.862172167789036	0.855439817784971	0.833678145083603	0.842547290025174	0.943868647399565	0.828944233011903	0.853705683381481	1.00924002531796
P-Cadherin	CDH3			1.73928404504011	1.75528030354191	1.61441795726689	1.81280330088071	1.69901229039297	1.81674463246473	1.67057425295363	1.69537752617468	1.55860117025398	1.69342864879329	1.77563868572393	1.69329115016163	1.6779817158778	1.55312987114277	1.7720397351244	1.58097380519406	1.81859441690518	1.90402154318879
PARP1	PARP1			0.14697715249118	0.135477176432002	0.149975894347009	0.155864053017373	0.119281894507985	0.147244488823685	0.145556938284693	0.149207740006305	0.131303726133288	0.144867881725111	0.12731210136709	0.13021579601075	0.109731468582757	0.147853336322	0.139917680509998	0.143990365895509	0.156115964301014	0.146512655770785
PCNA	PCNA			0.374067822122471	0.355597031109238	0.311770734104571	0.345772715007039	0.362620773848471	0.375430855271245	0.343233920340336	0.366584290393343	0.37562706436087	0.329415258971185	0.320037322062316	0.349685175581677	0.401469155316443	0.323560906803522	0.327287142076378	0.302460138348645	0.357503915728536	0.399774093150549
PDK1_pS241	PDPK1	S241	a	1.11674686415859	1.01787362060521	1.20764639313418	1.09611833478671	1.01217125454087	1.23873978442241	1.04698541310507	1.03587532660551	0.998516877113837	1.13244291002854	1.06526198500506	1.14488965260962	1.020988303378	1.10058113547849	1.20174179914705	1.05993204013373	1.11341600201682	1.14626380756459
PI3K-p110-a	PIK3CA			0.416257106728442	0.351914223424593	0.381875587038294	0.404701853971094	0.362077764565762	0.372998908253972	0.396130406832511	0.410237801606211	0.341326065960915	0.310757684968168	0.372270947780797	0.371080785193928	0.330636566090399	0.393770329975456	0.401336391406337	0.416897253013734	0.421080239682489	0.332680816996733
PI3K-p85	PIK3R1			1.07826365741806	1.1157949006836	1.1310955122045	1.2383597434083	1.10029287470667	1.13630679166492	1.13811991576458	1.12093200203613	1.1933727884107	1.08238353181125	1.18029370880568	1.09633689047762	1.00652214114464	1.13272885703799	1.13026499627479	1.1444931405374	1.1958964870329	1.18817641616225
PKCa	PRKCA			0.108498000109643	0.106033806282426	0.119032877934503	0.115487545048638	0.120536705990204	0.126436601696939	0.120494910876272	0.117016599722653	0.117838972797733	0.095717965807453	0.133903172666915	0.109433627803156	0.105617746241072	0.12285246577424	0.125568044516266	0.107998727666051	0.120801114154353	0.082845813518601
PKCapS657	PRKCA	S657	a	0.216266020217641	0.191274571104483	0.220443674109431	0.233103423046724	0.204147758149454	0.23056513452588	0.222568340171736	0.22493016741332	0.200621081021079	0.182963994865734	0.233235278167908	0.227287181920764	0.176720182590956	0.239300186848551	0.22183534669092	0.23321603535688	0.244301940624281	0.194887392387431
PR	PGR			0.351867527736136	0.283863047862858	0.432507992362814	0.348245630242665	0.298393740632573	0.622189959510279	0.367073821864329	0.333434173719019	0.322134293157278	0.176298342044865	0.250887899270496	0.176378847670003	0.197457221873981	0.23477221141441	0.184934990440525	0.257647691313234	0.237848959780947	0.174049104238402
PRAS40_pT246	AKT1S1	T246	i	2.26994334259317	2.22980941966477	2.44044342101577	2.52759945742913	2.33433796745426	2.27333955818212	2.37601264875263	1.92308356852307	2.57278464924268	1.94752367620819	1.38355481295374	2.10410305433605	2.18764120409139	1.75764283580659	1.81202666969996	2.12782096457439	1.25543192532594	2.2560569653894
PTEN	PTEN			1.04877263482383	1.06793683012033	1.13441469941174	1.02938305931075	1.12753459256583	1.21336895705883	1.03712593901418	1.07446197729053	1.04295879311686	1.07006314278331	1.1906656253626	1.13715217747838	1.10489274847148	1.21301662416936	1.17442235928347	1.07103142838045	1.10114759872022	1.15786594906361
Patched	PTCH1			0.357556113668547	0.506743417370175	0.42074932256388	0.36424299398916	0.489134650592997	0.378624001611468	0.432290222920316	0.438424770107475	0.486232061048516	0.478328786131635	0.429017784046253	0.473532460468638	0.514533389780268	0.381864462460751	0.390046315042934	0.327518556751744	0.374242082487357	0.490708556894466
Paxillin	PXN			1.6232717213833	1.45054201537326	1.44911400446082	1.57625349261235	1.52045459253915	1.39963701209105	1.50638801658385	1.47603800058595	1.5089005794424	1.96950470897366	1.62231481955214	1.82761091440192	1.66717940454048	1.54989475315571	1.89110546003639	1.59358293146889	1.72828359420556	1.93570935324302
Rab11	RAB11A			0.260974362969462	0.247539344717513	0.245332339237093	0.254670587165228	0.241278500501508	0.267924043384757	0.242855034136341	0.253237710935723	0.238729926945757	0.236090332891462	0.261241427177032	0.239059989008648	0.240833836058578	0.253449184226392	0.242569256498408	0.245933496091879	0.259317184771694	0.247348668970012
Rab25	RAB25			0.346320224870642	0.319908067955194	0.326815653673598	0.334256233019228	0.308003062682064	0.328160109380722	0.3403755726012	0.344268913115756	0.32327747303821	0.293313380529741	0.306937382664125	0.321602017343526	0.308380790073759	0.345184572609137	0.342354260210515	0.328639726261735	0.3369247376565	0.305343274799479
Rad50	RAD50			0.57195022583144	0.631258777017109	0.49204750453361	0.582628242220247	0.777897911559448	0.548976012399784	0.540404169654435	0.66396240527227	0.625188865560321	0.603695007498021	0.573149526640846	0.62327722227065	0.754446591912181	0.602333440624904	0.53110237401047	0.521981695447489	0.541251905444439	0.671885991975212
Rad51	RAD51			1.00095612136451	0.9391544839982	0.94577757155863	0.92083019842999	0.950631467248577	0.938118035149935	0.90817123565463	0.847611659966877	1.04958305792759	0.941162719045376	0.870478420235563	1.06559800120379	0.947525931185054	0.884410313618647	0.8953303180486	0.82453133788875	0.830022758688182	0.971384057010265
Rb	RB1			0.270783037606138	0.247009019419744	0.256030127344871	0.253038944508387	0.262264610961181	0.25449136110615	0.273201416216488	0.265284371183846	0.251019938787722	0.21215512003318	0.230060997712281	0.233383354706263	0.228209293641657	0.250952999226637	0.259733164200323	0.242947485232045	0.241105570071392	0.236489992087789
Rb_pS807_S811	RB1	S807|S811	i	2.98070092466701	2.4982291985661	3.38673383880605	3.03988369831107	2.83579602421578	2.87507183301662	3.10396639728389	2.50095771451914	2.64494096846801	3.20171030180759	2.58107828228756	3.46652937155383	2.89316413694762	2.53873305905913	3.36693154067702	2.93850093259984	2.31111394665863	2.76280075538805
S6_pS235_S236	RPS6	S235|S236	a	6.81454680683658	4.42690196906864	7.9772902232832	7.58690853506566	4.54543059934925	6.04848976134636	7.17970657071375	3.9565759026695	4.71446638325038	8.85593737659087	6.41418208327952	8.67385939724514	8.62243761496881	6.66382807236779	7.64912121507997	9.13703976637417	4.63306631650814	7.21316371808428
S6_pS240_S244	RPS6	S240|S244	a	1.35973348241752	1.51615299711427	1.46046258500891	1.41891447852904	1.46753846512457	1.29377389105341	1.60083832682921	1.34138065951805	1.79683496106797	1.73643399625908	1.72355306109208	1.97542956119409	2.61815420024174	1.84516050754232	1.85002052703719	1.5272426117531	1.21365554608726	1.77252270688627
Smac	DIABLO			0.899588894743588	0.999970391425824	0.736160953262672	0.96154780680823	1.04855994989748	0.733506267822281	0.896077997944785	0.964314404728905	0.968664940044186	0.91110469163345	0.944557917359775	0.939263365530137	1.00203458003526	0.837570874593376	0.943145222924696	0.875021402046294	0.856283348522115	1.05302301046538
Smad1	SMAD1			0.540216003189547	0.511008855722277	0.501924798467708	0.533928877117114	0.515797916544602	0.497129480525683	0.526549874244249	0.547977749056798	0.508635592629967	0.483430836273708	0.512237911495122	0.544450493354193	0.566245892665032	0.538785230134047	0.509347592481246	0.540239595000444	0.518106665366631	0.524517397628293
Smad3	SMAD3			0.84693278365908	0.892278713630503	0.787845871998217	0.794034476192848	0.906427395138108	0.76360589737273	0.821393344282213	0.847571468114245	0.877961287540928	0.934368551955777	0.860995807662724	0.897888503975406	0.927355480776484	0.867909196657436	0.904738278890332	0.8583692885564	0.852241645518545	0.933110415485843
Smad4	SMAD4			0.116025754277521	0.106360857389028	0.119178390546804	0.116500395218821	0.105456556190992	0.107909872133388	0.113267839576971	0.113945896796044	0.107250898688885	0.107113303717654	0.105101978881176	0.114793341600075	0.093797549896041	0.109152136501037	0.105005898828908	0.110241343029818	0.112760563431897	0.095267317325875
Snail	SNAI1			1.0170478880153	0.509017786551098	0.773583218093818	0.990677271143362	0.663748828997894	0.898186129344312	0.874709154164854	0.701420273892769	0.524319799958914	0.623003432629866	0.497870403390429	0.576339233791192	0.32738369380507	0.64947937386081	0.738141618281889	0.614945035767055	0.559270686340213	0.785941670389938
Src	SRC			0.631922922524303	0.605262305234088	0.836928788420852	0.785396086942561	0.701631422249016	0.809372381807633	0.78309454824754	0.72076214664023	0.886880035551388	0.566567177754927	0.719460654081606	0.670394572601697	0.45235371394701	0.564006546137982	0.653296754782867	0.686704617286288	0.638884949035681	0.453561654987739
Src_pY416	SRC	Y416|Y419	a	0.09701327248007	0.101587120945773	0.089954466459959	0.084718642776144	0.082077137943013	0.074949770817703	0.094252408635111	0.099305374083398	0.077570007678598	0.07429218095558	0.08319320287306	0.06970113564289	0.082469565884268	0.083440569074338	0.090634383828026	0.086579566854932	0.079019022883455	0.080520861339421
Src_pY527	SRC	Y527|Y530	i	1.30993965853032	1.15470872033452	1.2806289239961	1.3280171458398	1.20737950060751	1.60838408510755	1.24421681546528	1.24421098175088	1.19120936457485	0.92593772666921	1.28956053036134	1.06432862154909	1.00808890602793	1.24164374550541	1.23537086045181	1.26947257243168	1.41160641436863	0.978116970098662
Stat3_pY705	STAT3	Y705	a	0.204044331555283	0.196093138918297	0.179737112921002	0.193301279239147	0.184847421584889	0.193043156908515	0.190347616160716	0.19213306633346	0.172628086406873	0.204394813749636	0.195977489210986	0.20091025420456	0.18833672455332	0.218300974467901	0.195085665867377	0.216706686276353	0.19272736700461	0.175449714497744
Stat5a	STAT5A			0.268356181296623	0.226317963367674	0.289503343819354	0.242609082973017	0.236155650400499	0.44386815516609	0.267320585331682	0.252222065922328	0.24150760713787	0.197021514976466	0.238494846453711	0.230628176877777	0.189483309918097	0.240151401054638	0.272957779441732	0.237675837994439	0.228365764148228	0.167123588095912
Stathmin-1	STMN1			0.338322198015093	0.332592313511252	0.287238760824607	0.345776927257244	0.326263410559925	0.319673426642341	0.314708626777308	0.296727225499217	0.323835909850932	0.263903246251907	0.300972715634334	0.309539461452459	0.311161173602472	0.267233299776323	0.273298971431151	0.295391229826863	0.297387981625442	0.277873809847174
Syk	SYK			0.796869005110676	0.607471430511562	0.744009819218861	0.786318931409551	0.676235737184667	0.814086426617205	0.807926308201535	0.791816751998123	0.644746226579266	0.568146459804465	0.742154984016569	0.591174123969048	0.518429361914907	0.748091086012473	0.742772068828163	0.73572813731138	0.783988983406539	0.543174361461808
TAZ_pS89	WWTR1	S89	i	0.369226221576565	0.755096246160626	0.355828103687598	0.355599090220688	0.76719017768068	0.473223190670468	0.48580048903106	0.558080115549719	0.76133714382339	0.623170532114772	0.610932639689523	0.802508881168961	0.878003958640984	0.568081092081092	0.54048887360841	0.340803345552007	0.372356051104166	0.716012642993401
TIGAR	TIGAR			0.534165577157814	0.550137649018899	0.467407528506916	0.528456269360733	0.56220264246148	0.557034731654898	0.510245833334319	0.548466302141997	0.497997121586697	0.591935131338096	0.554196044920389	0.60837659938895	0.603447002508411	0.531323162988636	0.542303289039505	0.538102047787228	0.533463780540798	0.548236538867069
TTF1	TTF1			0.148080557353675	0.167968090968494	0.152250188646884	0.142927217046518	0.167431248562867	0.154347363947129	0.14256984610391	0.145461575253203	0.156925502816064	0.141584298284952	0.133138664683599	0.157516058915639	0.167339853993643	0.124951744998708	0.148149752615065	0.1284917897251	0.139118237645961	0.158351477894419
Tau	MAPT			2.27649855172857	1.50311995450654	1.73430938217976	0.8293623209345	1.87312479622967	1.60457456980642	2.14116502531835	1.44165617221079	2.28084967857106	2.40247106975623	1.84482968045582	1.8365468397425	2.05550592936325	1.6547848729153	2.59033758926889	2.59120768716202	2.09378530032029	2.14555667909715
Tuberin	TSC2			1.67923655579565	1.24357270982115	1.7379245948928	1.7355138473746	1.48543943358674	1.79714353712256	1.74700665663162	1.55120695930186	1.38744357212496	1.18066751204025	1.61591247453934	1.53016424599825	1.1572309299013	1.68312478502862	1.78210837315402	1.75421339019703	1.85304150656934	1.0339632816371
VASP	VASP			0.807111190749327	0.785826996909844	0.770338997939708	0.87728947666264	0.803545453343485	0.866512509287593	0.796014628274841	0.80051434014952	0.784771215731839	0.748989797686247	0.827155570220372	0.837304544413389	0.911230952747015	0.829089840016908	0.720690984606153	0.809092520750248	0.830397912381661	0.92148946683664
VEGFR-2	KDR			1.66053079301276	1.11549196150623	1.83434103063724	1.60636098980969	1.24057983832036	1.85699186976381	1.47271820587722	1.21406586991094	1.38842620681105	1.65537401632745	1.49519016758411	1.50710688913039	1.63107695820626	1.79182894848567	1.25995490164149	1.6855916157249	1.69300261648941	1.79752761199829
XIAP	XIAP			1.05010927873054	1.03570784338877	1.08004914547181	1.05403997666714	1.04660190555598	1.05251214440462	1.0803573489091	1.08771613454668	1.10494440429343	1.07763615186527	1.06458621318374	1.07552346097247	1.04446636975327	0.975105340443686	1.09880368388286	1.0336282423683	0.99110617662608	0.987050721401534
XRCC1	XRCC1			0.194746075077008	0.203406751221405	0.194856747323922	0.193180006560127	0.191923636634536	0.187097455311587	0.187663771703037	0.189322754171171	0.187231263008862	0.170500107781143	0.182067723274098	0.187966532605688	0.19829711971448	0.197305685012255	0.182589598493122	0.187102128125625	0.192686508238312	0.198938854974177
YAP	YAP1			1.4005864725818	1.16447919431297	1.12815463250323	1.30942136995693	1.13521165762294	1.22269682634101	1.13464857442964	1.20728196754377	1.07646819050327	1.25409795664128	1.14522526951732	1.26091333807725	1.11038243280157	1.23686407774588	1.13939312034688	1.27545592637657	1.3453181438458	1.32517343342249
YAP_pS127	YAP1	S127	a	0.496282146872805	0.376690065427868	0.538737534767902	0.50731033554868	0.393967238375519	0.682760566634775	0.424205416239206	0.378271377555751	0.431420547624615	0.385124152701809	0.299121227545127	0.460323483641414	0.216910748996322	0.202658045922814	0.38406344259342	0.19114267474072	0.281523770920915	0.213736756088229
YB-1	YBX1			0.405558302284233	0.615282541555745	0.402070172686192	0.368129510621602	0.571162250650919	0.410813448192145	0.457822760659492	0.372982920323136	0.518346769566777	0.515929280233865	0.485095401988038	0.45561409971748	0.708855327039481	0.392386701715578	0.335012332289984	0.40954779078807	0.402246616223238	0.636050634698764
YB1_pS102	YBX1	S102	a	1.04688811968385	0.806822191246273	0.86429285261917	0.968201269680283	0.826707680222589	0.652949629761005	1.02483557116892	0.626266304658036	0.862955084077796	0.97770348363609	0.592056976034962	0.891199800223712	1.16971112790716	0.615913537522488	0.742672489542167	0.952611589769386	0.610860672395003	0.878937787001372
alpha-catenin	CTNNA1			0.378730873592082	0.378858536191029	0.554655949817886	0.486760039184417	0.255674160416471	0.456473456660387	0.559031783146266	0.365546495050726	0.249115985648353	0.337471357499189	0.297619665062117	0.385625689624995	0.278173270803885	0.405028733001417	0.490132988278548	0.445246512490589	0.407926254359112	0.334984634588221
b-Catenin	CTNNB1			2.50173622869121	3.16629947343053	2.73065554526882	2.96453797668751	3.04325730512333	3.1145749104009	3.25680086411617	2.87005892691303	3.34160343974818	2.28620040930201	3.20928262073036	2.36337191940266	2.99216312327287	3.21098000975459	2.68964078101082	2.58509960486902	2.85886757328822	3.0146681123554
c-Jun_pS73	JUN	S73	a	0.347670088273552	0.446107464154127	0.347028228316399	0.377111229991994	0.426381186550197	0.342718304239126	0.365854906808622	0.38097909032215	0.413333947531673	0.494334154754035	0.378667040137648	0.369054572841395	0.602042006598676	0.407178972652888	0.355757757836782	0.512253090793616	0.363411486148779	0.553438801310264
c-Kit	KIT			0.076318035122106	0.065603563123237	0.075926154450124	0.077701262505037	0.067163411320492	0.070378219300562	0.075762274330401	0.071751612373752	0.069767494265451	0.068066049965064	0.072844846609308	0.070933683560193	0.078953352036397	0.068574986793782	0.075115897585826	0.077400117042238	0.07286605292848	0.078288484160541
c-Met	MET			0.224828987700503	0.211208024435477	0.222722989454985	0.208138535166588	0.206670916506511	0.200053345315729	0.202083821461679	0.217828837127851	0.219876252911624	0.212672987667893	0.211542786578053	0.201205209659459	0.206420439026766	0.197608909616286	0.220833406256412	0.219392165363585	0.221241876207207	0.203820774349405
c-Met_pY1234_Y1235	MET	Y1235	a	0.484991757067449	0.432988415079606	0.460932437099676	0.451637572424064	0.43894625928077	0.447277759636573	0.463523486157667	0.466547008818141	0.452275632929709	0.423549120354026	0.459872379061491	0.472391769648231	0.444278648996326	0.488897528558594	0.459794514153782	0.469182334363234	0.469615798280068	0.495797706291909
c-Myc	MYC			0.792498110989062	0.860651811817612	0.651758451987691	1.23630093387633	0.988949334802649	0.632077506783997	0.76627695260711	0.786450648350908	1.24581674480747	0.91299567644687	0.797213211522678	0.812341265880786	1.11204057726437	0.821998976952145	0.781947790562842	0.788417656169354	0.801138877574354	1.37144510291155
cIAP	BIRC2			0.295857913118295	0.24561563955409	0.305355820188924	0.288510462825347	0.264968021443545	0.299989889110757	0.298534343305752	0.302425620675859	0.271897843611294	0.252817367006932	0.29309177022454	0.283328233036932	0.252911470363315	0.302718804511516	0.285207346379952	0.299151212841052	0.302574158092456	0.287869662777214
eEF2	EEF2			1.12683661544338	1.53643605567386	1.07521372993247	1.05196861872301	1.85605069361805	1.11153245693266	1.09175919239639	1.3640716791962	1.71067617751484	1.72469787059571	1.7734101305563	2.13765897794929	1.65130902491213	1.47346944451972	1.67450424611815	1.01695557342136	0.958855611659881	1.5707217982214
eEF2K	EEF2K			1.50604784335994	1.5638484283489	1.5746887351677	1.71462114743888	1.57088496719839	1.6143320898182	1.55114115038246	1.59054726294727	1.68896921317432	1.54613658011754	1.75166369628575	1.47779057280492	1.64937500341847	1.72350752953857	1.50531231484375	1.57431699249931	1.69314489760661	1.90526018049262
eIF4E	EIF4E			0.94886648731042	1.1046623997436	1.00720055617814	1.07869772267313	1.02746745676887	1.11926983260113	0.957438581738171	1.02364740071486	1.03625310004611	1.21894533268568	1.21034474682156	1.12134074094235	1.21704006005559	1.13264952848085	1.03767408673097	1.20354405703801	1.13376672558853	1.31471926843612
k-Ras	KRAS			0.266931087515384	0.233374912431171	0.253451221104682	0.25269837012923	0.235957798625535	0.265866079681303	0.255794868261349	0.255360564152688	0.246309727723825	0.249084096982561	0.238864382490544	0.255959048999527	0.230302853643271	0.233636425447596	0.245277716220388	0.260238152794853	0.238193171503766	0.247818484091498
mTOR	MTOR			1.48699518983732	1.15111005690415	1.59329553115748	1.53177970098706	1.43626880963918	1.60470991879177	1.677573571352	1.51705401827482	1.61112114278818	1.00697135243504	1.59951832957877	1.40815463763107	1.18916182621641	1.7456799627215	1.577258182647	1.67154642816613	1.61255057597859	0.866415678604385
mTOR_pS2448	MTOR	S2448	a	0.705838636148983	0.552211596164826	0.647480923006936	0.694777841071345	0.7128445194635	0.642809013992784	0.705010259065466	0.684031356076949	0.68493971679351	0.496288728540773	0.642784717598087	0.621795307989579	0.598334195652947	0.716062338582423	0.649026131118843	0.686130362670172	0.648555027837025	0.430245548048108
p21	CDKN1A			0.616619934423176	0.568135816766456	0.600506372084247	0.634032036116167	0.555514418157497	0.81637980065055	0.699925119810919	0.705308660124379	0.604336615076208	0.809463209738266	0.614352262230897	0.70936888423823	0.740546290126364	0.65163797600258	0.583161240640886	0.84183095035184	0.68170923530555	0.812756780115411
p27-Kip-1	CDKN1B			1.13608445317931	1.39798282084955	1.12746977056895	1.40615431116248	1.28131651219156	1.48192849040459	1.10443274857087	1.14241218393985	1.31886499805259	1.39304167433921	1.46416460088197	1.43314545314808	1.80087059522934	1.38791835915374	1.22668246443659	1.44844681542217	1.41058157832341	1.73980345705024
p27_pT157	CDKN1B	T157	i	0.576315316207018	0.606384201303755	0.550355348441038	0.533973376158112	0.614942108134002	0.533393377869987	0.533676942202863	0.56924032180217	0.586169918065168	0.59439405162915	0.550776548347694	0.590865579172814	0.640142192509098	0.560864178896075	0.573964275225966	0.583447820078277	0.553742984817648	0.623832962196677
p27_pT198	CDKN1B	T198	i	0.514200849787654	0.437615455089361	0.476635342968027	0.493262675289781	0.444870242262822	0.442330065251584	0.524920688573419	0.42644503472296	0.471037689058474	0.494839437864234	0.385940601894664	0.472801598214431	0.47637590586324	0.384339398019292	0.466129909507121	0.486574684962715	0.406910581028396	0.42267001751467
p38-MAPK	MAPK14			0.667967783094362	0.642645934449585	0.677145450718038	0.637902959641726	0.736648024171769	0.68222757513693	0.668424511250622	0.645800486571504	0.694871259797995	0.680928889078408	0.621224553269354	0.666566402200198	0.755858665818348	0.670088414269696	0.66514595358557	0.629570998575011	0.66083090870417	0.811337685487944
p38_pT180_Y182	MAPK11 MAPK12 MAPK13 MAPK14	T180|Y182 T183|Y185 T180|Y182 T180|Y182	a	0.164811336286516	0.20927568723449	0.200263746394464	0.150094856090668	0.196751557557452	0.180752307241361	0.17510355405421	0.191919410708771	0.191035728196722	0.190314376655805	0.201514198450293	0.198026998934972	0.232774735728275	0.198291955258925	0.184451652125181	0.141047431760917	0.186161661080156	0.19683913150185
p53	TP53			0.19223267066907	0.170300383651327	0.202973526127732	0.208584856178807	0.153150911214254	0.24011667154017	0.197091026075615	0.195140993296084	0.157386210924926	0.242006072447765	0.205035334466152	0.261217758968023	0.185639973596784	0.227646887672608	0.197225259013888	0.285007788356984	0.234039547313691	0.229487304467318
p70-S6K1	RPS6KB1			8.74661014656458	10.9114334378686	9.40272330913332	11.4387699961099	10.1483863838589	10.8983964368312	10.1948277107641	9.85267230089418	11.0998846702191	14.3449999837316	11.0352305741659	11.5588225630071	11.6115073787078	11.0324278896529	11.2903776036837	11.65518655197	10.8894368224595	15.0202905495097
p70-S6K_pT389	RPS6KB1	T389|T412	a	7.42160630150708	8.29232922068438	4.92483462796506	8.40941897640556	8.83221514785156	3.65266594760628	7.03899318074346	4.70153734677524	8.38457657395608	7.3791642177513	4.03712832967008	4.83826192487659	8.98257182139763	6.00947053382666	6.45903996722853	7.320427162033	3.33901916223643	10.017890359954
p90RSK_pT359_S363	RPS6KA1	T359|S363	a	0.677905801047944	0.669817223276144	0.719745096364348	0.611729511849476	0.661307751728417	0.61700350624644	0.590333386121614	0.637767754534256	0.634825499696132	0.629603459570088	0.666584783630537	0.675575926159989	0.692661509727445	0.697433459506299	0.657872860672249	0.653150851260412	0.709565428260559	0.67528939923128
